00000000000000000000000000000000000000000000001111111111111111111111111111000000000000000000000000000000000000000000000000000000000
00000000000000000000000000000000000000000001101100000100000000011001000001000000000000000000000000000000000000000000000000000000000
00000000000000000000000000000000011111111100001111111111111111111111111111000000000000000000000000000000000000000000000000000000000
00000000000000000000000000111111110000010000001100000100000000011001100011000000000000000000000000000000000000000000000000000000000
00000000000000000000000000000000010000001111111111111110000000011001100011000000000000000000000000000000000000000000000000000000000
00000000000000000000000000000000010000001000001100000001000000011001111111000000000000000000000000000000000000000000000000000000000
00000000000000000000000001111111111110000000100000000000111111111100000011000000000000000000000000000000000000000000000000000000000
00000000000000000000000000000000000011111111100000000000100000010000000011000000000000000000000000000000000000000000000000000000000
00000000000000000000000000000000000010010100111111111111111111111111111111000000000000000000000000000000000000000000000000000000000
00000000000000000000000000000000000010011100100000000000100000010000000011000000000000000000000000000000000000000000000000000000000
00000000000000000000000000000000000011111111111111111111111111111111111111111111111111111111111111111111111111111111111110000000000
00000000000000000000000111111111111111111111111111111111111111111111111111111111111111111111111111111111111111111111111111000000000
00000000000000000000000110000000000110000000000000000001100000010000000001000010000100000000000000000001000000000000000111000000000
00000000000000000000000110000000000110000000000000000001100000010000000001000010000111111100001000000001100000000000000111000000000
00000000000000000000000110000000000110000000000000000001100000010000000001000110000110000000001000000011111111111111111111100000000
00000000000000000000000110000000000110000000000000000001100000010000000001000010000011111111111111111111000000011000000111100000000
00000000000000000000000111111111111111111111111111111111111111111111111111111111111110000000011000000001000000001000000111100000000
00000000000000000000000110000000000110000000011000000001000000000001000000000010001000000000011111111111111111111000000111100000000
00000000000000000000000110000000000110000000011000000001000000000001000000000010001111111111111000000001000000000000000111100000000
00000000000000000000000110000000000111111111111111111111111111111111000000000010000000000000001000000001111111111111111111100000000
00000000000000000000000110000000000110000000011000000000000000000001000000000010000000111111111111111111111100000110000111100000000
00000000000000000000000110001111111110000000011000000000000000000001111111111111111111111111111100000001100000000011111111110000000
00000000000000000000000110000000000110000000011000000000000000000001100000000000000000100111111111111110100000000011101111110000000
00000000000000000000000111111111111110000000011000000000000000000001100000000011111111111111110001111111110000000011111111110000000
00000000000000000000000110000000000110000000010000000000000000000001100000000111000000000111111011000010100000000011100011110000000
00000000000000000000000110000000000110000000010000000000000000000001100000000011111111110000000000000000100000000011111111110000000
00000111111111111111111110000000000110000000011000000000000000000001100000000011000000000000001111111111111111111111111111110000000
00000000100000000010000110000000000010000000011000000000000000000001100000000001111111111111111111111111110000000000000111110000000
00000000100000000010000110000000000110000000011000000000000000000001111111111111111111111000001100000000010000000000000011110000000
00000000100000000000000110000000000110000000011111111111111111111111100000000001000000000000001100000000011111111111111111111000000
00000000100000000000000110001111111110000000010000000001100000000001100000000111000000010000000100000000011000000000010001111000000
00000000100000000000000110000000000010000000010000000001100000000001100000000001110000011111111111000000011111110000000000110000000
00000011111111111111111111111111111111111111111111111111111111111111100000000000000000110000011100100000011000000000000000111000000
00000011111111111111111111111111111111111111111111111111111111111111111111111111111111100000000011111111111000000011111111111000000
00000000000000000010000000000000100010000000100000000001100000000001100000000000000000100000000011000000001000000001010001111000000
00000000001001111110000000000000100010000001100000000001100111111111100000000000000000100000000011000000001111110001010001111000000
00000000001111111111111111111111111111111111111111111111101111110011110011100000000000100000000011001000001000011011110001111000000
00000000001000000000111111000000000000000000100000000011111000000011111111100001111111111111111111111111111111111011100000111110000
00000001111111111111111111111111111111111111111111111111111111111111111111000000000010000000000100000000001000000001100000111110000
00000001111111111111111111111111111111111111111111111111111111111111111111111111111111111111111111111111111111111111111111111110000
00000000000000000000000000000000000000000000000000000000000000000000000000000001111111111111111111111111111111111111111111111100000