01111111111111111111111111111000000000000000000000000000000000000000000
01000000000000000001100000000001110000000000000000000000000000000000000
01000000000000000001100000000000001000000000000000000000000000000000000
01111111111111111111111111111111111000000000000000000000000000000000000
01000000000000000001000000010000001000000000000000000000000000000000000
01000000000000000001000000010010001000000000000000000000000000000000000
01111111111111111111111111111110001000000000000000000000000000000000000
01001111000000000001100000011110001000000000000000000000000000000000000
01000001000000000001100000010000001000000000000000000000000000000000000
01111111111111111111111111111111111000000000000000000000000000000000000
01001111111100000001100000000000001000000000000000000000000000000000000
01001111000100000001100000000000001000111111111111111000000000000000000
01000000000100000001100000000000001000100000100000011000000000000000000
01111111111111111111111111111111111000111111111111111000000000000000000
01000000000010000001000000000001101000100010100000011000000000000000000
01111100000000000001000000000000011000100001100000011000000000000000000
01000100000000000010000000000000011000100000100000011000000000000000000
01000111111000000001100000000000101000111111111111111000000000000000000
01000000001000000001000000000000101000100000100000011000000000000000000
01000000001111100001000000000000001000100000100000011000000000000000000
01111111111111111111111111111111111111111111111111111111111111111110000
01000000001000000001000000000000001010111111111111111001000000000001111
01111111111000000001110001111110001010100001110000011010000000000000001
01000000011001111111100000000000001010100001110000011010000000000000001
01111100011111111111111111111111111010100001110000111010000000000000001
01100011001000111001111000010000001010111111111100111101001111111111111
01100011111111111111100111110000001010110001111100111101000000000000001
01111110101000010001111000010000001010100000001000111100000000000000001
01000000011000111111110000000000011010101100000110111100000000000000001
01000010011000000011110000000000001010101111111110111100000000000000001
01111111111111111111110000000000001010111111111111111111111111111111111
00000000000000000001100000000000000010000000000000011000000000000000000
00000000000000000001111111111111111111111111111111111000000000000000000
00000000000000000001100000000000000111000000000000000000000000000000000
01111111111111111111111111111111111110111111111111111111111111111111110
01000001000000000001011111000000001010000000000000000000000000000000000
01000001000000000001011111000000001010000000000000000000000000000000000
01000001000000000001111111111111001010000000000000000000000000000000000
01000001000000000001000000010000001010000000000000000000000000000000000
01111111000000000001110000011000001010000000000000000000000000000000000
01000001000000000001000001111000001010000000000000000000000000000000000
01000001000000000001000000011000001010000000000000000000000000000000000
01000001000000000001000000010000001010000000000000000000000000000000000
01111111111111111111111111111111111111111111111111110000000000000000000
01000001000000000001000000110000001010000000000000010000000000000000000
01111111000000000001000000110000001010000000000000010000000000000000000
01000001000000000001000000110000001010000000000000010000000000000000000
01000001000000000001000000110000001010100000000000010000000000000000000
01000001000000001111111111110000001010111111111111110000000000000000000
01000001000000000001000000010000001010100000000000010000000000000000000
01111111000000000001000000010000001010100000000000010000000000000000000
01000001000000000001000000011100001010111111111111110000000000000000000
01000001000000000001000000000000001010100000000000010000000000000000000
01111111000000000001111111111111111010100000000000010000000000000000000
00000000000000000000000000000000000000000000000000000000000000000000000
